4.04017e-06 1.16735e-07 8.21107e-07 1.44944e-07 1.44145e-06 4.58775e-07 1.45479e-07 1.37151e-07 2.5398e-07 1.1272e-06 7.65597e-07 9.47109e-08
4.1115e-06 1.19234e-07 8.35603e-07 1.47367e-07 1.45881e-06 4.65586e-07 1.4832e-07 1.39573e-07 2.58226e-07 1.13868e-06 7.7983e-07 9.58517e-08
4.12667e-06 1.18796e-07 8.37915e-07 1.50522e-07 1.47096e-06 4.66445e-07 1.48594e-07 1.41514e-07 2.59418e-07 1.1471e-06 7.81988e-07 9.67386e-08
4.11908e-06 1.18796e-07 8.37144e-07 1.48594e-07 1.4696e-06 4.68598e-07 1.49142e-07 1.39444e-07 2.58464e-07 1.14604e-06 7.8343e-07 9.77237e-08
4.10771e-06 1.17706e-07 8.33297e-07 1.48457e-07 1.46555e-06 4.64729e-07 1.48047e-07 1.39573e-07 2.57751e-07 1.13972e-06 7.7983e-07 9.59401e-08
4.13048e-06 1.19895e-07 8.41783e-07 1.4873e-07 1.47231e-06 4.7076e-07 1.4873e-07 1.38803e-07 2.60615e-07 1.14815e-06 7.8343e-07 9.6917e-08
4.13048e-06 1.18796e-07 8.37144e-07 1.48184e-07 1.47639e-06 4.68166e-07 1.4873e-07 1.40475e-07 2.59179e-07 1.14815e-06 7.84152e-07 9.71852e-08
4.10771e-06 1.19454e-07 8.36373e-07 1.47775e-07 1.45747e-06 4.67305e-07 1.49968e-07 1.3983e-07 2.59896e-07 1.14183e-06 7.79112e-07 9.4973e-08
4.15336e-06 1.20116e-07 8.43335e-07 1.49692e-07 1.47911e-06 4.68598e-07 1.50245e-07 1.42167e-07 2.60856e-07 1.15345e-06 7.89951e-07 9.70957e-08
4.15336e-06 1.20559e-07 8.41783e-07 1.47367e-07 1.47911e-06 4.7076e-07 1.49555e-07 1.40734e-07 2.61818e-07 1.15239e-06 7.86321e-07 9.64717e-08
4.13048e-06 1.1825e-07 8.37144e-07 1.48868e-07 1.47367e-06 4.70327e-07 1.49417e-07 1.40346e-07 2.59896e-07 1.15133e-06 7.81988e-07 9.85372e-08
4.14954e-06 1.18468e-07 8.40234e-07 1.48594e-07 1.47911e-06 4.71194e-07 1.51217e-07 1.41254e-07 2.61818e-07 1.15133e-06 7.86321e-07 9.60285e-08
4.16869e-06 1.19454e-07 8.4879e-07 1.49968e-07 1.48047e-06 4.72498e-07 1.51496e-07 1.41124e-07 2.63512e-07 1.16305e-06 7.95793e-07 9.67386e-08
4.16102e-06 1.18796e-07 8.44112e-07 1.49968e-07 1.48457e-06 4.68598e-07 1.50661e-07 1.40734e-07 2.59896e-07 1.15664e-06 7.88497e-07 9.78138e-08
4.16869e-06 1.19895e-07 8.46447e-07 1.4873e-07 1.48457e-06 4.71194e-07 1.55167e-07 1.41254e-07 2.61577e-07 1.1652e-06 7.89951e-07 9.66496e-08
4.1419e-06 1.17923e-07 8.42558e-07 1.48868e-07 1.48047e-06 4.72498e-07 1.49968e-07 1.42298e-07 2.59657e-07 1.15239e-06 7.87046e-07 9.73644e-08
4.04762e-06 1.16413e-07 8.26418e-07 1.45613e-07 1.44145e-06 4.57931e-07 1.48047e-07 1.39701e-07 2.57276e-07 1.13032e-06 7.71259e-07 9.47109e-08
4.10771e-06 1.18032e-07 8.40234e-07 1.45881e-07 1.47231e-06 4.68598e-07 1.4983e-07 1.40217e-07 2.62543e-07 1.15133e-06 7.82708e-07 9.70957e-08
3.86545e-06 1.11789e-07 7.93597e-07 1.40864e-07 1.38548e-06 4.40149e-07 1.42037e-07 1.31947e-07 2.46604e-07 1.07944e-06 7.37904e-07 9.02818e-08
3.8054e-06 1.10969e-07 7.82708e-07 1.37911e-07 1.37151e-06 4.3451e-07 1.40217e-07 1.30137e-07 2.40991e-07 1.0666e-06 7.2711e-07 8.92072e-08
4.02161e-06 1.17598e-07 8.25658e-07 1.4615e-07 1.44677e-06 4.61318e-07 1.4696e-07 1.38166e-07 2.5633e-07 1.13032e-06 7.76247e-07 9.56753e-08
4.10015e-06 1.19124e-07 8.37915e-07 1.4832e-07 1.47503e-06 4.68598e-07 1.4873e-07 1.41384e-07 2.60856e-07 1.15027e-06 7.85597e-07 9.73644e-08
4.05882e-06 1.18141e-07 8.34065e-07 1.47096e-07 1.46285e-06 4.66015e-07 1.49005e-07 1.39059e-07 2.59418e-07 1.13868e-06 7.75532e-07 9.64717e-08
3.86189e-06 1.12305e-07 7.95793e-07 1.40994e-07 1.39444e-06 4.40961e-07 1.42561e-07 1.32069e-07 2.46604e-07 1.08743e-06 7.44046e-07 9.11171e-08
3.85123e-06 1.11584e-07 7.89951e-07 1.40605e-07 1.38931e-06 4.38935e-07 1.40994e-07 1.33045e-07 2.43445e-07 1.08543e-06 7.44046e-07 9.01986e-08
3.92283e-06 1.14183e-07 8.09841e-07 1.43351e-07 1.42037e-06 4.50817e-07 1.4388e-07 1.34524e-07 2.52813e-07 1.10662e-06 7.58578e-07 9.22996e-08
3.89045e-06 1.1272e-07 7.99466e-07 1.4388e-07 1.40605e-06 4.45041e-07 1.43615e-07 1.33783e-07 2.48199e-07 1.09951e-06 7.4817e-07 9.22147e-08
3.93369e-06 1.15452e-07 8.09096e-07 1.42692e-07 1.42298e-06 4.52898e-07 1.43087e-07 1.34896e-07 2.50957e-07 1.10866e-06 7.56484e-07 9.22996e-08
3.95185e-06 1.14499e-07 8.1508e-07 1.44145e-07 1.43351e-06 4.51232e-07 1.45613e-07 1.36521e-07 2.52581e-07 1.11789e-06 7.64892e-07 9.51481e-08
3.94094e-06 1.16091e-07 8.14329e-07 1.44145e-07 1.42955e-06 4.54569e-07 1.44145e-07 1.36647e-07 2.54918e-07 1.11686e-06 7.59976e-07 9.40156e-08
3.84415e-06 1.12099e-07 7.89951e-07 1.39701e-07 1.39059e-06 4.43404e-07 1.40605e-07 1.32312e-07 2.45245e-07 1.08643e-06 7.41993e-07 9.30679e-08
3.94094e-06 1.13658e-07 8.1358e-07 1.42037e-07 1.42561e-06 4.52898e-07 1.44012e-07 1.37404e-07 2.52581e-07 1.11686e-06 7.58578e-07 9.42758e-08
3.90481e-06 1.15027e-07 8.03896e-07 1.41384e-07 1.41514e-06 4.46684e-07 1.44012e-07 1.3627e-07 2.49574e-07 1.10459e-06 7.54397e-07 9.28111e-08
3.97375e-06 1.15985e-07 8.19596e-07 1.45345e-07 1.44012e-06 4.55827e-07 1.45613e-07 1.38166e-07 2.54918e-07 1.12409e-06 7.65597e-07 9.32395e-08
3.97375e-06 1.15558e-07 8.16582e-07 1.43483e-07 1.43483e-06 4.58775e-07 1.46285e-07 1.36019e-07 2.52348e-07 1.12409e-06 7.67008e-07 9.36699e-08
3.90122e-06 1.14078e-07 8.01678e-07 1.42955e-07 1.40994e-06 4.46272e-07 1.43351e-07 1.34524e-07 2.53279e-07 1.10053e-06 7.54397e-07 9.1791e-08
3.93731e-06 1.15345e-07 8.1358e-07 1.44145e-07 1.42955e-06 4.51232e-07 1.44544e-07 1.35894e-07 2.53279e-07 1.11481e-06 7.59976e-07 9.24698e-08
3.90841e-06 1.14499e-07 8.03156e-07 1.42167e-07 1.41514e-06 4.51648e-07 1.43615e-07 1.35644e-07 2.52348e-07 1.10866e-06 7.54397e-07 9.27257e-08
3.89404e-06 1.12824e-07 8.0094e-07 1.41514e-07 1.41384e-06 4.48745e-07 1.42037e-07 1.3527e-07 2.48886e-07 1.10053e-06 7.49549e-07 9.23847e-08
3.94457e-06 1.16198e-07 8.12831e-07 1.4388e-07 1.43219e-06 4.56247e-07 1.4669e-07 1.38038e-07 2.53279e-07 1.11686e-06 7.64188e-07 9.36699e-08
3.89404e-06 1.13032e-07 8.06863e-07 1.40864e-07 1.41514e-06 4.48332e-07 1.42955e-07 1.34276e-07 2.49345e-07 1.10154e-06 7.51623e-07 9.34114e-08
3.88687e-06 1.14078e-07 8.02417e-07 1.42298e-07 1.41124e-06 4.49573e-07 1.43483e-07 1.3527e-07 2.49574e-07 1.10459e-06 7.53703e-07 9.23847e-08
3.88687e-06 1.14815e-07 7.9873e-07 1.42561e-07 1.41254e-06 4.49159e-07 1.44278e-07 1.36647e-07 2.48428e-07 1.09749e-06 7.50931e-07 9.23847e-08
3.93369e-06 1.15133e-07 8.09841e-07 1.4388e-07 1.42692e-06 4.56247e-07 1.4481e-07 1.37404e-07 2.52348e-07 1.11378e-06 7.62781e-07 9.37562e-08
3.96643e-06 1.16198e-07 8.18842e-07 1.43219e-07 1.43615e-06 4.56247e-07 1.45345e-07 1.37404e-07 2.55388e-07 1.12409e-06 7.68422e-07 9.34114e-08
3.93731e-06 1.15133e-07 8.06863e-07 1.4243e-07 1.42561e-06 4.54151e-07 1.45211e-07 1.3627e-07 2.50726e-07 1.11071e-06 7.59277e-07 9.34114e-08
3.94457e-06 1.15985e-07 8.12082e-07 1.44145e-07 1.43219e-06 4.51648e-07 1.44944e-07 1.37531e-07 2.52348e-07 1.11481e-06 7.60677e-07 9.45366e-08
3.93369e-06 1.13972e-07 8.12831e-07 1.44145e-07 1.42955e-06 4.51648e-07 1.4388e-07 1.35519e-07 2.52813e-07 1.11378e-06 7.54397e-07 9.4189e-08
3.82296e-06 1.13032e-07 7.87771e-07 1.39573e-07 1.38548e-06 4.41774e-07 1.39444e-07 1.32434e-07 2.43893e-07 1.08243e-06 7.36546e-07 9.02818e-08
3.88687e-06 1.12824e-07 8.00203e-07 1.40994e-07 1.40994e-06 4.50817e-07 1.42692e-07 1.34153e-07 2.48199e-07 1.0985e-06 7.49549e-07 9.24698e-08
3.89045e-06 1.14604e-07 8.03156e-07 1.42037e-07 1.41254e-06 4.50402e-07 1.41254e-07 1.34772e-07 2.49345e-07 1.0985e-06 7.51623e-07 9.23847e-08
3.90481e-06 1.15452e-07 8.03896e-07 1.41906e-07 1.41384e-06 4.50817e-07 1.43615e-07 1.32801e-07 2.50726e-07 1.09951e-06 7.50931e-07 9.2555e-08
3.89045e-06 1.13136e-07 7.9873e-07 1.40734e-07 1.41254e-06 4.47507e-07 1.42561e-07 1.34276e-07 2.48657e-07 1.09446e-06 7.50931e-07 9.13692e-08
3.88329e-06 1.14499e-07 8.01678e-07 1.40734e-07 1.40864e-06 4.48332e-07 1.41384e-07 1.34524e-07 2.48428e-07 1.09648e-06 7.49549e-07 9.23847e-08
3.86189e-06 1.13972e-07 7.92866e-07 1.39701e-07 1.3983e-06 4.42996e-07 1.41254e-07 1.34029e-07 2.4797e-07 1.08843e-06 7.42677e-07 9.22996e-08
3.84061e-06 1.11995e-07 7.91407e-07 1.39059e-07 1.38803e-06 4.42181e-07 1.39444e-07 1.31341e-07 2.43445e-07 1.08143e-06 7.39946e-07 9.02818e-08
3.83001e-06 1.13658e-07 7.84152e-07 1.38293e-07 1.38803e-06 4.43404e-07 1.39059e-07 1.32434e-07 2.44568e-07 1.08343e-06 7.37225e-07 9.01156e-08
3.83354e-06 1.12512e-07 7.87046e-07 1.38803e-07 1.38293e-06 4.39339e-07 1.40994e-07 1.31704e-07 2.44118e-07 1.07944e-06 7.34514e-07 9.07821e-08
3.80189e-06 1.10561e-07 7.8343e-07 1.37531e-07 1.37531e-06 4.38935e-07 1.38293e-07 1.31341e-07 2.41213e-07 1.06856e-06 7.24436e-07 9.02818e-08
3.77051e-06 1.09144e-07 7.70549e-07 1.34276e-07 1.35894e-06 4.31718e-07 1.38676e-07 1.29181e-07 2.39221e-07 1.05779e-06 7.23103e-07 8.95365e-08
3.8054e-06 1.09951e-07 7.80549e-07 1.3842e-07 1.37151e-06 4.36918e-07 1.39701e-07 1.29778e-07 2.42326e-07 1.07053e-06 7.29122e-07 9.10332e-08
3.76357e-06 1.09951e-07 7.67715e-07 1.3527e-07 1.35644e-06 4.30923e-07 1.36899e-07 1.293e-07 2.40991e-07 1.0539e-06 7.1978e-07 8.86339e-08
3.61077e-06 1.05487e-07 7.36546e-07 1.29539e-07 1.29539e-06 4.11529e-07 1.31704e-07 1.25083e-07 2.26569e-07 1.00925e-06 6.88652e-07 8.55067e-08
3.70851e-06 1.07746e-07 7.53703e-07 1.3366e-07 1.32678e-06 4.23058e-07 1.34772e-07 1.28588e-07 2.35505e-07 1.03467e-06 7.07946e-07 8.80643e-08
3.58426e-06 1.04713e-07 7.2845e-07 1.28351e-07 1.28588e-06 4.09638e-07 1.28706e-07 1.23937e-07 2.26778e-07 1.00184e-06 6.87385e-07 8.37144e-08
3.5514e-06 1.02896e-07 7.23769e-07 1.2694e-07 1.27292e-06 4.06256e-07 1.29181e-07 1.21227e-07 2.24698e-07 9.85372e-07 6.76083e-07 8.35603e-08
3.28398e-06 9.51481e-08 6.66807e-07 1.17706e-07 1.17815e-06 3.72907e-07 1.1825e-07 1.1324e-07 2.08737e-07 9.13692e-07 6.28058e-07 7.62781e-08
2.97852e-06 8.63774e-08 6.06457e-07 1.06365e-07 1.06072e-06 3.40095e-07 1.06463e-07 1.01485e-07 1.87932e-07 8.33297e-07 5.72269e-07 6.98232e-08
3.60745e-06 1.0404e-07 7.33162e-07 1.30257e-07 1.29539e-06 4.13428e-07 1.3219e-07 1.22011e-07 2.28034e-07 1.00647e-06 6.89287e-07 8.5428e-08
3.58426e-06 1.02991e-07 7.25103e-07 1.29539e-07 1.28706e-06 4.06256e-07 1.29897e-07 1.22462e-07 2.27615e-07 1e-06 6.82967e-07 8.44112e-08
3.59087e-06 1.05196e-07 7.31813e-07 1.30377e-07 1.28944e-06 4.11529e-07 1.30137e-07 1.22011e-07 2.2636e-07 1.00462e-06 6.83597e-07 8.36373e-08
3.58757e-06 1.03467e-07 7.2711e-07 1.28588e-07 1.28706e-06 4.09638e-07 1.30137e-07 1.23481e-07 2.26569e-07 1.00092e-06 6.84857e-07 8.46447e-08
3.59418e-06 1.04809e-07 7.29794e-07 1.27997e-07 1.28825e-06 4.11529e-07 1.29539e-07 1.23937e-07 2.24698e-07 1.00092e-06 6.84857e-07 8.48008e-08
3.56451e-06 1.0404e-07 7.23103e-07 1.27761e-07 1.27761e-06 4.07005e-07 1.30377e-07 1.20005e-07 2.27196e-07 9.9816e-07 6.79204e-07 8.5428e-08
3.5514e-06 1.03562e-07 7.23103e-07 1.26474e-07 1.27644e-06 4.08131e-07 1.28825e-07 1.20781e-07 2.25528e-07 9.92659e-07 6.79829e-07 8.4489e-08
3.52858e-06 1.00554e-07 7.17794e-07 1.2694e-07 1.26241e-06 4.02161e-07 1.28588e-07 1.21116e-07 2.22229e-07 9.85372e-07 6.72357e-07 8.25658e-08
3.49945e-06 1.01111e-07 7.11214e-07 1.25893e-07 1.25893e-06 4.00682e-07 1.2659e-07 1.20226e-07 2.21615e-07 9.76338e-07 6.64967e-07 8.27942e-08
3.48017e-06 1.00092e-07 7.07294e-07 1.23481e-07 1.24509e-06 3.98107e-07 1.24968e-07 1.17058e-07 2.19584e-07 9.68278e-07 6.66193e-07 8.17335e-08
3.43242e-06 9.79039e-08 6.9952e-07 1.22462e-07 1.2314e-06 3.91201e-07 1.24624e-07 1.1695e-07 2.14783e-07 9.6117e-07 6.56448e-07 8.10588e-08
3.40408e-06 9.90832e-08 6.91194e-07 1.23027e-07 1.22462e-06 3.90481e-07 1.2428e-07 1.16735e-07 2.16172e-07 9.52357e-07 6.4983e-07 7.95793e-08
3.24788e-06 9.39291e-08 6.59478e-07 1.16413e-07 1.16627e-06 3.72907e-07 1.1652e-07 1.11584e-07 2.0455e-07 9.0615e-07 6.26325e-07 7.69839e-08
3.26287e-06 9.47109e-08 6.62522e-07 1.16091e-07 1.17815e-06 3.76357e-07 1.18686e-07 1.13344e-07 2.07014e-07 9.11171e-07 6.2748e-07 7.71969e-08
3.18273e-06 9.22147e-08 6.45654e-07 1.12616e-07 1.1471e-06 3.66775e-07 1.1695e-07 1.10255e-07 2.02302e-07 8.93717e-07 6.12632e-07 7.55788e-08
3.19742e-06 9.39291e-08 6.4983e-07 1.14288e-07 1.15345e-06 3.69488e-07 1.15985e-07 1.09547e-07 2.02675e-07 8.9619e-07 6.12632e-07 7.71259e-08
3.16228e-06 9.24698e-08 6.42096e-07 1.14815e-07 1.13344e-06 3.64418e-07 1.14393e-07 1.10154e-07 1.98609e-07 8.87973e-07 6.07016e-07 7.47481e-08
3.15065e-06 9.19602e-08 6.40324e-07 1.12202e-07 1.13136e-06 3.64083e-07 1.15239e-07 1.07845e-07 1.98427e-07 8.79023e-07 6.07016e-07 7.37904e-08
3.14775e-06 9.11171e-08 6.38557e-07 1.13344e-07 1.13553e-06 3.6241e-07 1.14499e-07 1.08743e-07 2.01002e-07 8.81455e-07 6.04227e-07 7.42677e-08
3.13906e-06 9.02818e-08 6.3387e-07 1.11789e-07 1.12409e-06 3.6241e-07 1.13449e-07 1.08243e-07 1.96246e-07 8.74178e-07 6.03115e-07 7.40628e-08
3.13906e-06 9.02818e-08 6.3387e-07 1.11789e-07 1.12409e-06 3.6241e-07 1.13449e-07 1.08243e-07 1.96246e-07 8.74178e-07 6.03115e-07 7.40628e-08
