8.06988
8.09484
8.07713
8.0666
8.08228
8.07003
8.07516
8.07739
8.07959
8.09067
8.07053
8.08509
8.06906
8.08638
8.07227
8.06239
8.05258
8.02746
8.02249
8.00085
7.98343
8.00642
7.99219
7.97264
7.98176
7.95079
7.96534
7.96953
7.94543
7.932
7.95531
7.95201
7.94867
7.94967
7.96394
7.95755
7.93984
7.94099
7.95216
7.92651
7.93615
7.91974
7.93539
7.92952
7.94049
7.96178
7.94563
7.94433
7.94545
7.94663
7.93878
7.96007
7.962
7.94478
7.96341
7.97324
7.95753
7.98324
7.98123
8.00358
7.98868
8.0079
8.03163
8.03895
8.0309
8.0499
8.04723
8.04752
8.03328
8.04909
8.03046
8.04311
8.05028
8.03494
8.02194
8.04929
8.03571
8.05616
8.03756
8.02271
8.02647
8.00664
8.00084
8.00239
8.01475
8.02013
8.00556
8.04562
8.04562
