3.57133
3.58392
3.57462
3.57134
3.57371
3.56985
3.57071
3.58151
3.57671
3.57911
3.57491
3.5782
3.57941
3.57371
3.57671
3.56595
3.56954
3.55255
3.54779
3.53298
3.53948
3.54539
3.53415
3.52646
3.53444
3.5179
3.52793
3.52469
3.51496
3.51261
3.52587
3.51997
3.51938
3.51703
3.53001
3.52793
3.51055
3.52379
3.51641
3.51406
3.50498
3.51172
3.51551
3.51731
3.51791
3.52731
3.51523
3.50849
3.51819
3.5173
3.51172
3.52144
3.51875
3.51378
3.52496
3.52441
3.52642
3.53326
3.52232
3.54123
3.53652
3.54359
3.55402
3.56505
3.55876
3.55729
3.55995
3.57313
3.55667
3.56259
3.55311
3.56233
3.56204
3.56324
3.55221
3.56386
3.55248
3.56505
3.55522
3.55366
3.55786
3.5453
3.55066
3.54623
3.56206
3.55667
3.54859
3.57125
3.57125
