2456598.69379869
2456598.69631137
2456598.69882406
2456598.70133675
2456598.70384955
2456598.706362
2456598.7088747
2456598.71138737
2456598.71389983
2456598.71641228
2456598.71892519
2456598.72143789
2456598.72395046
2456598.7264629
2456598.72897535
2456598.73148816
2456598.73400072
2456598.73651365
2456598.73902646
2456598.74153924
2456598.74405205
2456598.74656497
2456598.74907766
2456598.75159023
2456598.75410291
2456598.75661581
2456598.75912887
2456598.76164164
2456598.76415435
2456598.76666714
2456598.76917994
2456598.77169265
2456598.7742052
2456598.77671776
2456598.77923023
2456598.78174314
2456598.78425582
2456598.78676862
2456598.78928129
2456598.79179424
2456598.79430692
2456598.79681971
2456598.79933275
2456598.80184566
2456598.80435822
2456598.80687101
2456598.80938372
2456598.81189628
2456598.81440931
2456598.8169219
2456598.81943446
2456598.82194713
2456598.82445993
2456598.82697261
2456598.82948531
2456598.83199799
2456598.83451066
2456598.83702361
2456598.83953649
2456598.84204932
2456598.84456212
2456598.84707503
2456598.84958815
2456598.85210086
2456598.85461342
2456598.85712669
2456598.8596394
2456598.86215219
2456598.86466487
2456598.86717775
2456598.8696907
2456598.87220337
2456598.87471617
2456598.87722888
2456598.87974179
2456598.8822548
2456598.88476735
2456598.88728006
2456598.88979285
2456598.89230565
2456598.89481859
2456598.89733127
2456598.89984431
2456598.90235719
2456598.90487001
2456598.90738293
2456598.90989561
2456598.91052371
