2456598.69379869 8.06988
2456598.69631137 8.09484
2456598.69882406 8.07713
2456598.70133675 8.0666
2456598.70384955 8.08228
2456598.706362 8.07003
2456598.7088747 8.07516
2456598.71138737 8.07739
2456598.71389983 8.07959
2456598.71641228 8.09067
2456598.71892519 8.07053
2456598.72143789 8.08509
2456598.72395046 8.06906
2456598.7264629 8.08638
2456598.72897535 8.07227
2456598.73148816 8.06239
2456598.73400072 8.05258
2456598.73651365 8.02746
2456598.73902646 8.02249
2456598.74153924 8.00085
2456598.74405205 7.98343
2456598.74656497 8.00642
2456598.74907766 7.99219
2456598.75159023 7.97264
2456598.75410291 7.98176
2456598.75661581 7.95079
2456598.75912887 7.96534
2456598.76164164 7.96953
2456598.76415435 7.94543
2456598.76666714 7.932
2456598.76917994 7.95531
2456598.77169265 7.95201
2456598.7742052 7.94867
2456598.77671776 7.94967
2456598.77923023 7.96394
2456598.78174314 7.95755
2456598.78425582 7.93984
2456598.78676862 7.94099
2456598.78928129 7.95216
2456598.79179424 7.92651
2456598.79430692 7.93615
2456598.79681971 7.91974
2456598.79933275 7.93539
2456598.80184566 7.92952
2456598.80435822 7.94049
2456598.80687101 7.96178
2456598.80938372 7.94563
2456598.81189628 7.94433
2456598.81440931 7.94545
2456598.8169219 7.94663
2456598.81943446 7.93878
2456598.82194713 7.96007
2456598.82445993 7.962
2456598.82697261 7.94478
2456598.82948531 7.96341
2456598.83199799 7.97324
2456598.83451066 7.95753
2456598.83702361 7.98324
2456598.83953649 7.98123
2456598.84204932 8.00358
2456598.84456212 7.98868
2456598.84707503 8.0079
2456598.84958815 8.03163
2456598.85210086 8.03895
2456598.85461342 8.0309
2456598.85712669 8.0499
2456598.8596394 8.04723
2456598.86215219 8.04752
2456598.86466487 8.03328
2456598.86717775 8.04909
2456598.8696907 8.03046
2456598.87220337 8.04311
2456598.87471617 8.05028
2456598.87722888 8.03494
2456598.87974179 8.02194
2456598.8822548 8.04929
2456598.88476735 8.03571
2456598.88728006 8.05616
2456598.88979285 8.03756
2456598.89230565 8.02271
2456598.89481859 8.02647
2456598.89733127 8.00664
2456598.89984431 8.00084
2456598.90235719 8.00239
2456598.90487001 8.01475
2456598.90738293 8.02013
2456598.90989561 8.00556
2456598.91052371 8.04562
