1.1272e-06
1.13868e-06
1.1471e-06
1.14604e-06
1.13972e-06
1.14815e-06
1.14815e-06
1.14183e-06
1.15345e-06
1.15239e-06
1.15133e-06
1.15133e-06
1.16305e-06
1.15664e-06
1.1652e-06
1.15239e-06
1.13032e-06
1.15133e-06
1.07944e-06
1.0666e-06
1.13032e-06
1.15027e-06
1.13868e-06
1.08743e-06
1.08543e-06
1.10662e-06
1.09951e-06
1.10866e-06
1.11789e-06
1.11686e-06
1.08643e-06
1.11686e-06
1.10459e-06
1.12409e-06
1.12409e-06
1.10053e-06
1.11481e-06
1.10866e-06
1.10053e-06
1.11686e-06
1.10154e-06
1.10459e-06
1.09749e-06
1.11378e-06
1.12409e-06
1.11071e-06
1.11481e-06
1.11378e-06
1.08243e-06
1.0985e-06
1.0985e-06
1.09951e-06
1.09446e-06
1.09648e-06
1.08843e-06
1.08143e-06
1.08343e-06
1.07944e-06
1.06856e-06
1.05779e-06
1.07053e-06
1.0539e-06
1.00925e-06
1.03467e-06
1.00184e-06
9.85372e-07
9.13692e-07
8.33297e-07
1.00647e-06
1e-06
1.00462e-06
1.00092e-06
1.00092e-06
9.9816e-07
9.92659e-07
9.85372e-07
9.76338e-07
9.68278e-07
9.6117e-07
9.52357e-07
9.0615e-07
9.11171e-07
8.93717e-07
8.9619e-07
8.87973e-07
8.79023e-07
8.81455e-07
8.74178e-07
8.74178e-07
