7.65597e-07
7.7983e-07
7.81988e-07
7.8343e-07
7.7983e-07
7.8343e-07
7.84152e-07
7.79112e-07
7.89951e-07
7.86321e-07
7.81988e-07
7.86321e-07
7.95793e-07
7.88497e-07
7.89951e-07
7.87046e-07
7.71259e-07
7.82708e-07
7.37904e-07
7.2711e-07
7.76247e-07
7.85597e-07
7.75532e-07
7.44046e-07
7.44046e-07
7.58578e-07
7.4817e-07
7.56484e-07
7.64892e-07
7.59976e-07
7.41993e-07
7.58578e-07
7.54397e-07
7.65597e-07
7.67008e-07
7.54397e-07
7.59976e-07
7.54397e-07
7.49549e-07
7.64188e-07
7.51623e-07
7.53703e-07
7.50931e-07
7.62781e-07
7.68422e-07
7.59277e-07
7.60677e-07
7.54397e-07
7.36546e-07
7.49549e-07
7.51623e-07
7.50931e-07
7.50931e-07
7.49549e-07
7.42677e-07
7.39946e-07
7.37225e-07
7.34514e-07
7.24436e-07
7.23103e-07
7.29122e-07
7.1978e-07
6.88652e-07
7.07946e-07
6.87385e-07
6.76083e-07
6.28058e-07
5.72269e-07
6.89287e-07
6.82967e-07
6.83597e-07
6.84857e-07
6.84857e-07
6.79204e-07
6.79829e-07
6.72357e-07
6.64967e-07
6.66193e-07
6.56448e-07
6.4983e-07
6.26325e-07
6.2748e-07
6.12632e-07
6.12632e-07
6.07016e-07
6.07016e-07
6.04227e-07
6.03115e-07
6.03115e-07
