1.16735e-07
1.19234e-07
1.18796e-07
1.18796e-07
1.17706e-07
1.19895e-07
1.18796e-07
1.19454e-07
1.20116e-07
1.20559e-07
1.1825e-07
1.18468e-07
1.19454e-07
1.18796e-07
1.19895e-07
1.17923e-07
1.16413e-07
1.18032e-07
1.11789e-07
1.10969e-07
1.17598e-07
1.19124e-07
1.18141e-07
1.12305e-07
1.11584e-07
1.14183e-07
1.1272e-07
1.15452e-07
1.14499e-07
1.16091e-07
1.12099e-07
1.13658e-07
1.15027e-07
1.15985e-07
1.15558e-07
1.14078e-07
1.15345e-07
1.14499e-07
1.12824e-07
1.16198e-07
1.13032e-07
1.14078e-07
1.14815e-07
1.15133e-07
1.16198e-07
1.15133e-07
1.15985e-07
1.13972e-07
1.13032e-07
1.12824e-07
1.14604e-07
1.15452e-07
1.13136e-07
1.14499e-07
1.13972e-07
1.11995e-07
1.13658e-07
1.12512e-07
1.10561e-07
1.09144e-07
1.09951e-07
1.09951e-07
1.05487e-07
1.07746e-07
1.04713e-07
1.02896e-07
9.51481e-08
8.63774e-08
1.0404e-07
1.02991e-07
1.05196e-07
1.03467e-07
1.04809e-07
1.0404e-07
1.03562e-07
1.00554e-07
1.01111e-07
1.00092e-07
9.79039e-08
9.90832e-08
9.39291e-08
9.47109e-08
9.22147e-08
9.39291e-08
9.24698e-08
9.19602e-08
9.11171e-08
9.02818e-08
9.02818e-08
