1.45479e-07
1.4832e-07
1.48594e-07
1.49142e-07
1.48047e-07
1.4873e-07
1.4873e-07
1.49968e-07
1.50245e-07
1.49555e-07
1.49417e-07
1.51217e-07
1.51496e-07
1.50661e-07
1.55167e-07
1.49968e-07
1.48047e-07
1.4983e-07
1.42037e-07
1.40217e-07
1.4696e-07
1.4873e-07
1.49005e-07
1.42561e-07
1.40994e-07
1.4388e-07
1.43615e-07
1.43087e-07
1.45613e-07
1.44145e-07
1.40605e-07
1.44012e-07
1.44012e-07
1.45613e-07
1.46285e-07
1.43351e-07
1.44544e-07
1.43615e-07
1.42037e-07
1.4669e-07
1.42955e-07
1.43483e-07
1.44278e-07
1.4481e-07
1.45345e-07
1.45211e-07
1.44944e-07
1.4388e-07
1.39444e-07
1.42692e-07
1.41254e-07
1.43615e-07
1.42561e-07
1.41384e-07
1.41254e-07
1.39444e-07
1.39059e-07
1.40994e-07
1.38293e-07
1.38676e-07
1.39701e-07
1.36899e-07
1.31704e-07
1.34772e-07
1.28706e-07
1.29181e-07
1.1825e-07
1.06463e-07
1.3219e-07
1.29897e-07
1.30137e-07
1.30137e-07
1.29539e-07
1.30377e-07
1.28825e-07
1.28588e-07
1.2659e-07
1.24968e-07
1.24624e-07
1.2428e-07
1.1652e-07
1.18686e-07
1.1695e-07
1.15985e-07
1.14393e-07
1.15239e-07
1.14499e-07
1.13449e-07
1.13449e-07
