1.44944e-07
1.47367e-07
1.50522e-07
1.48594e-07
1.48457e-07
1.4873e-07
1.48184e-07
1.47775e-07
1.49692e-07
1.47367e-07
1.48868e-07
1.48594e-07
1.49968e-07
1.49968e-07
1.4873e-07
1.48868e-07
1.45613e-07
1.45881e-07
1.40864e-07
1.37911e-07
1.4615e-07
1.4832e-07
1.47096e-07
1.40994e-07
1.40605e-07
1.43351e-07
1.4388e-07
1.42692e-07
1.44145e-07
1.44145e-07
1.39701e-07
1.42037e-07
1.41384e-07
1.45345e-07
1.43483e-07
1.42955e-07
1.44145e-07
1.42167e-07
1.41514e-07
1.4388e-07
1.40864e-07
1.42298e-07
1.42561e-07
1.4388e-07
1.43219e-07
1.4243e-07
1.44145e-07
1.44145e-07
1.39573e-07
1.40994e-07
1.42037e-07
1.41906e-07
1.40734e-07
1.40734e-07
1.39701e-07
1.39059e-07
1.38293e-07
1.38803e-07
1.37531e-07
1.34276e-07
1.3842e-07
1.3527e-07
1.29539e-07
1.3366e-07
1.28351e-07
1.2694e-07
1.17706e-07
1.06365e-07
1.30257e-07
1.29539e-07
1.30377e-07
1.28588e-07
1.27997e-07
1.27761e-07
1.26474e-07
1.2694e-07
1.25893e-07
1.23481e-07
1.22462e-07
1.23027e-07
1.16413e-07
1.16091e-07
1.12616e-07
1.14288e-07
1.14815e-07
1.12202e-07
1.13344e-07
1.11789e-07
1.11789e-07
