1.44145e-06
1.45881e-06
1.47096e-06
1.4696e-06
1.46555e-06
1.47231e-06
1.47639e-06
1.45747e-06
1.47911e-06
1.47911e-06
1.47367e-06
1.47911e-06
1.48047e-06
1.48457e-06
1.48457e-06
1.48047e-06
1.44145e-06
1.47231e-06
1.38548e-06
1.37151e-06
1.44677e-06
1.47503e-06
1.46285e-06
1.39444e-06
1.38931e-06
1.42037e-06
1.40605e-06
1.42298e-06
1.43351e-06
1.42955e-06
1.39059e-06
1.42561e-06
1.41514e-06
1.44012e-06
1.43483e-06
1.40994e-06
1.42955e-06
1.41514e-06
1.41384e-06
1.43219e-06
1.41514e-06
1.41124e-06
1.41254e-06
1.42692e-06
1.43615e-06
1.42561e-06
1.43219e-06
1.42955e-06
1.38548e-06
1.40994e-06
1.41254e-06
1.41384e-06
1.41254e-06
1.40864e-06
1.3983e-06
1.38803e-06
1.38803e-06
1.38293e-06
1.37531e-06
1.35894e-06
1.37151e-06
1.35644e-06
1.29539e-06
1.32678e-06
1.28588e-06
1.27292e-06
1.17815e-06
1.06072e-06
1.29539e-06
1.28706e-06
1.28944e-06
1.28706e-06
1.28825e-06
1.27761e-06
1.27644e-06
1.26241e-06
1.25893e-06
1.24509e-06
1.2314e-06
1.22462e-06
1.16627e-06
1.17815e-06
1.1471e-06
1.15345e-06
1.13344e-06
1.13136e-06
1.13553e-06
1.12409e-06
1.12409e-06
