2.5398e-07
2.58226e-07
2.59418e-07
2.58464e-07
2.57751e-07
2.60615e-07
2.59179e-07
2.59896e-07
2.60856e-07
2.61818e-07
2.59896e-07
2.61818e-07
2.63512e-07
2.59896e-07
2.61577e-07
2.59657e-07
2.57276e-07
2.62543e-07
2.46604e-07
2.40991e-07
2.5633e-07
2.60856e-07
2.59418e-07
2.46604e-07
2.43445e-07
2.52813e-07
2.48199e-07
2.50957e-07
2.52581e-07
2.54918e-07
2.45245e-07
2.52581e-07
2.49574e-07
2.54918e-07
2.52348e-07
2.53279e-07
2.53279e-07
2.52348e-07
2.48886e-07
2.53279e-07
2.49345e-07
2.49574e-07
2.48428e-07
2.52348e-07
2.55388e-07
2.50726e-07
2.52348e-07
2.52813e-07
2.43893e-07
2.48199e-07
2.49345e-07
2.50726e-07
2.48657e-07
2.48428e-07
2.4797e-07
2.43445e-07
2.44568e-07
2.44118e-07
2.41213e-07
2.39221e-07
2.42326e-07
2.40991e-07
2.26569e-07
2.35505e-07
2.26778e-07
2.24698e-07
2.08737e-07
1.87932e-07
2.28034e-07
2.27615e-07
2.2636e-07
2.26569e-07
2.24698e-07
2.27196e-07
2.25528e-07
2.22229e-07
2.21615e-07
2.19584e-07
2.14783e-07
2.16172e-07
2.0455e-07
2.07014e-07
2.02302e-07
2.02675e-07
1.98609e-07
1.98427e-07
2.01002e-07
1.96246e-07
1.96246e-07
