9.47109e-08
9.58517e-08
9.67386e-08
9.77237e-08
9.59401e-08
9.6917e-08
9.71852e-08
9.4973e-08
9.70957e-08
9.64717e-08
9.85372e-08
9.60285e-08
9.67386e-08
9.78138e-08
9.66496e-08
9.73644e-08
9.47109e-08
9.70957e-08
9.02818e-08
8.92072e-08
9.56753e-08
9.73644e-08
9.64717e-08
9.11171e-08
9.01986e-08
9.22996e-08
9.22147e-08
9.22996e-08
9.51481e-08
9.40156e-08
9.30679e-08
9.42758e-08
9.28111e-08
9.32395e-08
9.36699e-08
9.1791e-08
9.24698e-08
9.27257e-08
9.23847e-08
9.36699e-08
9.34114e-08
9.23847e-08
9.23847e-08
9.37562e-08
9.34114e-08
9.34114e-08
9.45366e-08
9.4189e-08
9.02818e-08
9.24698e-08
9.23847e-08
9.2555e-08
9.13692e-08
9.23847e-08
9.22996e-08
9.02818e-08
9.01156e-08
9.07821e-08
9.02818e-08
8.95365e-08
9.10332e-08
8.86339e-08
8.55067e-08
8.80643e-08
8.37144e-08
8.35603e-08
7.62781e-08
6.98232e-08
8.5428e-08
8.44112e-08
8.36373e-08
8.46447e-08
8.48008e-08
8.5428e-08
8.4489e-08
8.25658e-08
8.27942e-08
8.17335e-08
8.10588e-08
7.95793e-08
7.69839e-08
7.71969e-08
7.55788e-08
7.71259e-08
7.47481e-08
7.37904e-08
7.42677e-08
7.40628e-08
7.40628e-08
