4.04017e-06
4.1115e-06
4.12667e-06
4.11908e-06
4.10771e-06
4.13048e-06
4.13048e-06
4.10771e-06
4.15336e-06
4.15336e-06
4.13048e-06
4.14954e-06
4.16869e-06
4.16102e-06
4.16869e-06
4.1419e-06
4.04762e-06
4.10771e-06
3.86545e-06
3.8054e-06
4.02161e-06
4.10015e-06
4.05882e-06
3.86189e-06
3.85123e-06
3.92283e-06
3.89045e-06
3.93369e-06
3.95185e-06
3.94094e-06
3.84415e-06
3.94094e-06
3.90481e-06
3.97375e-06
3.97375e-06
3.90122e-06
3.93731e-06
3.90841e-06
3.89404e-06
3.94457e-06
3.89404e-06
3.88687e-06
3.88687e-06
3.93369e-06
3.96643e-06
3.93731e-06
3.94457e-06
3.93369e-06
3.82296e-06
3.88687e-06
3.89045e-06
3.90481e-06
3.89045e-06
3.88329e-06
3.86189e-06
3.84061e-06
3.83001e-06
3.83354e-06
3.80189e-06
3.77051e-06
3.8054e-06
3.76357e-06
3.61077e-06
3.70851e-06
3.58426e-06
3.5514e-06
3.28398e-06
2.97852e-06
3.60745e-06
3.58426e-06
3.59087e-06
3.58757e-06
3.59418e-06
3.56451e-06
3.5514e-06
3.52858e-06
3.49945e-06
3.48017e-06
3.43242e-06
3.40408e-06
3.24788e-06
3.26287e-06
3.18273e-06
3.19742e-06
3.16228e-06
3.15065e-06
3.14775e-06
3.13906e-06
3.13906e-06
