1.37151e-07
1.39573e-07
1.41514e-07
1.39444e-07
1.39573e-07
1.38803e-07
1.40475e-07
1.3983e-07
1.42167e-07
1.40734e-07
1.40346e-07
1.41254e-07
1.41124e-07
1.40734e-07
1.41254e-07
1.42298e-07
1.39701e-07
1.40217e-07
1.31947e-07
1.30137e-07
1.38166e-07
1.41384e-07
1.39059e-07
1.32069e-07
1.33045e-07
1.34524e-07
1.33783e-07
1.34896e-07
1.36521e-07
1.36647e-07
1.32312e-07
1.37404e-07
1.3627e-07
1.38166e-07
1.36019e-07
1.34524e-07
1.35894e-07
1.35644e-07
1.3527e-07
1.38038e-07
1.34276e-07
1.3527e-07
1.36647e-07
1.37404e-07
1.37404e-07
1.3627e-07
1.37531e-07
1.35519e-07
1.32434e-07
1.34153e-07
1.34772e-07
1.32801e-07
1.34276e-07
1.34524e-07
1.34029e-07
1.31341e-07
1.32434e-07
1.31704e-07
1.31341e-07
1.29181e-07
1.29778e-07
1.293e-07
1.25083e-07
1.28588e-07
1.23937e-07
1.21227e-07
1.1324e-07
1.01485e-07
1.22011e-07
1.22462e-07
1.22011e-07
1.23481e-07
1.23937e-07
1.20005e-07
1.20781e-07
1.21116e-07
1.20226e-07
1.17058e-07
1.1695e-07
1.16735e-07
1.11584e-07
1.13344e-07
1.10255e-07
1.09547e-07
1.10154e-07
1.07845e-07
1.08743e-07
1.08243e-07
1.08243e-07
