8.21107e-07
8.35603e-07
8.37915e-07
8.37144e-07
8.33297e-07
8.41783e-07
8.37144e-07
8.36373e-07
8.43335e-07
8.41783e-07
8.37144e-07
8.40234e-07
8.4879e-07
8.44112e-07
8.46447e-07
8.42558e-07
8.26418e-07
8.40234e-07
7.93597e-07
7.82708e-07
8.25658e-07
8.37915e-07
8.34065e-07
7.95793e-07
7.89951e-07
8.09841e-07
7.99466e-07
8.09096e-07
8.1508e-07
8.14329e-07
7.89951e-07
8.1358e-07
8.03896e-07
8.19596e-07
8.16582e-07
8.01678e-07
8.1358e-07
8.03156e-07
8.0094e-07
8.12831e-07
8.06863e-07
8.02417e-07
7.9873e-07
8.09841e-07
8.18842e-07
8.06863e-07
8.12082e-07
8.12831e-07
7.87771e-07
8.00203e-07
8.03156e-07
8.03896e-07
7.9873e-07
8.01678e-07
7.92866e-07
7.91407e-07
7.84152e-07
7.87046e-07
7.8343e-07
7.70549e-07
7.80549e-07
7.67715e-07
7.36546e-07
7.53703e-07
7.2845e-07
7.23769e-07
6.66807e-07
6.06457e-07
7.33162e-07
7.25103e-07
7.31813e-07
7.2711e-07
7.29794e-07
7.23103e-07
7.23103e-07
7.17794e-07
7.11214e-07
7.07294e-07
6.9952e-07
6.91194e-07
6.59478e-07
6.62522e-07
6.45654e-07
6.4983e-07
6.42096e-07
6.40324e-07
6.38557e-07
6.3387e-07
6.3387e-07
