4.58775e-07
4.65586e-07
4.66445e-07
4.68598e-07
4.64729e-07
4.7076e-07
4.68166e-07
4.67305e-07
4.68598e-07
4.7076e-07
4.70327e-07
4.71194e-07
4.72498e-07
4.68598e-07
4.71194e-07
4.72498e-07
4.57931e-07
4.68598e-07
4.40149e-07
4.3451e-07
4.61318e-07
4.68598e-07
4.66015e-07
4.40961e-07
4.38935e-07
4.50817e-07
4.45041e-07
4.52898e-07
4.51232e-07
4.54569e-07
4.43404e-07
4.52898e-07
4.46684e-07
4.55827e-07
4.58775e-07
4.46272e-07
4.51232e-07
4.51648e-07
4.48745e-07
4.56247e-07
4.48332e-07
4.49573e-07
4.49159e-07
4.56247e-07
4.56247e-07
4.54151e-07
4.51648e-07
4.51648e-07
4.41774e-07
4.50817e-07
4.50402e-07
4.50817e-07
4.47507e-07
4.48332e-07
4.42996e-07
4.42181e-07
4.43404e-07
4.39339e-07
4.38935e-07
4.31718e-07
4.36918e-07
4.30923e-07
4.11529e-07
4.23058e-07
4.09638e-07
4.06256e-07
3.72907e-07
3.40095e-07
4.13428e-07
4.06256e-07
4.11529e-07
4.09638e-07
4.11529e-07
4.07005e-07
4.08131e-07
4.02161e-07
4.00682e-07
3.98107e-07
3.91201e-07
3.90481e-07
3.72907e-07
3.76357e-07
3.66775e-07
3.69488e-07
3.64418e-07
3.64083e-07
3.6241e-07
3.6241e-07
3.6241e-07
