17.157   
17.138   
17.123   
17.139   
17.138   
17.144   
17.131   
17.136   
17.118   
17.129   
17.132   
17.125   
17.126   
17.129   
17.125   
17.117   
17.137   
17.133   
17.199   
17.214   
17.149   
17.124   
17.142   
17.198   
17.190   
17.178   
17.184   
17.175   
17.162   
17.161   
17.196   
17.155   
17.164   
17.149   
17.166   
17.178   
17.167   
17.169   
17.172   
17.150   
17.180   
17.172   
17.161   
17.155   
17.155   
17.164   
17.154   
17.170   
17.195   
17.181   
17.176   
17.192   
17.180   
17.178   
17.182   
17.204   
17.195   
17.201   
17.204   
17.222   
17.217   
17.221   
17.257   
17.227   
17.267   
17.291   
17.365   
17.484   
17.284   
17.280   
17.284   
17.271   
17.267   
17.302   
17.295   
17.292   
17.300   
17.329   
17.330   
17.332   
17.381   
17.364   
17.394   
17.401   
17.395   
17.418   
17.409   
17.414   
17.414   
