15.846   
15.830   
15.828   
15.823   
15.832   
15.818   
15.824   
15.826   
15.823   
15.818   
15.819   
15.817   
15.814   
15.823   
15.817   
15.814   
15.848   
15.823   
15.891   
15.905   
15.840   
15.823   
15.829   
15.889   
15.894   
15.865   
15.879   
15.860   
15.864   
15.856   
15.883   
15.860   
15.875   
15.853   
15.846   
15.876   
15.864   
15.863   
15.870   
15.852   
15.871   
15.868   
15.869   
15.852   
15.852   
15.857   
15.863   
15.863   
15.887   
15.865   
15.866   
15.865   
15.873   
15.871   
15.884   
15.886   
15.883   
15.893   
15.894   
15.912   
15.899   
15.914   
15.964   
15.934   
15.969   
15.978   
16.071   
16.171   
15.959   
15.978   
15.964   
15.969   
15.964   
15.976   
15.973   
15.989   
15.993   
16.000   
16.019   
16.021   
16.071   
16.061   
16.089   
16.081   
16.096   
16.097   
16.102   
16.102   
16.102   
