17.093   
17.072   
17.070   
17.066   
17.074   
17.069   
17.069   
17.060   
17.058   
17.063   
17.064   
17.051   
17.049   
17.055   
17.023   
17.060   
17.074   
17.061   
17.119   
17.133   
17.082   
17.069   
17.067   
17.115   
17.127   
17.105   
17.107   
17.111   
17.092   
17.103   
17.130   
17.104   
17.104   
17.092   
17.087   
17.109   
17.100   
17.107   
17.119   
17.084   
17.112   
17.108   
17.102   
17.098   
17.094   
17.095   
17.097   
17.105   
17.139   
17.114   
17.125   
17.107   
17.115   
17.124   
17.125   
17.139   
17.142   
17.127   
17.148   
17.145   
17.137   
17.159   
17.201   
17.176   
17.226   
17.222   
17.318   
17.432   
17.197   
17.216   
17.214   
17.214   
17.219   
17.212   
17.225   
17.227   
17.244   
17.258   
17.261   
17.264   
17.334   
17.314   
17.330   
17.339   
17.354   
17.346   
17.353   
17.363   
17.363   
