16.488   
16.470   
16.465   
16.469   
16.472   
16.460   
16.466   
16.463   
16.459   
16.455   
16.463   
16.455   
16.448   
16.463   
16.456   
16.464   
16.474   
16.452   
16.520   
16.545   
16.478   
16.459   
16.465   
16.520   
16.534   
16.493   
16.513   
16.501   
16.494   
16.484   
16.526   
16.494   
16.507   
16.484   
16.495   
16.491   
16.491   
16.495   
16.510   
16.491   
16.508   
16.507   
16.512   
16.495   
16.482   
16.502   
16.495   
16.493   
16.532   
16.513   
16.508   
16.502   
16.511   
16.512   
16.514   
16.534   
16.529   
16.531   
16.544   
16.553   
16.539   
16.545   
16.612   
16.570   
16.611   
16.621   
16.701   
16.815   
16.605   
16.607   
16.613   
16.612   
16.621   
16.609   
16.617   
16.633   
16.636   
16.646   
16.670   
16.663   
16.723   
16.710   
16.735   
16.733   
16.755   
16.756   
16.742   
16.768   
16.768   
