17.559   
17.546   
17.536   
17.525   
17.545   
17.534   
17.531   
17.556   
17.532   
17.539   
17.516   
17.544   
17.536   
17.524   
17.537   
17.529   
17.559   
17.532   
17.611   
17.624   
17.548   
17.529   
17.539   
17.601   
17.612   
17.587   
17.588   
17.587   
17.554   
17.567   
17.578   
17.564   
17.581   
17.576   
17.571   
17.593   
17.585   
17.582   
17.586   
17.571   
17.574   
17.586   
17.586   
17.570   
17.574   
17.574   
17.561   
17.565   
17.611   
17.585   
17.586   
17.584   
17.598   
17.586   
17.587   
17.611   
17.613   
17.605   
17.611   
17.620   
17.602   
17.631   
17.670   
17.638   
17.693   
17.695   
17.794   
17.890   
17.671   
17.684   
17.694   
17.681   
17.679   
17.671   
17.683   
17.708   
17.705   
17.719   
17.728   
17.748   
17.784   
17.781   
17.804   
17.782   
17.816   
17.830   
17.823   
17.826   
17.826   
