17.332   
17.309   
17.313   
17.313   
17.323   
17.303   
17.313   
17.307   
17.301   
17.297   
17.318   
17.316   
17.307   
17.313   
17.303   
17.321   
17.335   
17.320   
17.379   
17.387   
17.324   
17.310   
17.319   
17.374   
17.381   
17.356   
17.370   
17.344   
17.353   
17.338   
17.376   
17.361   
17.348   
17.339   
17.343   
17.357   
17.345   
17.353   
17.369   
17.337   
17.367   
17.357   
17.350   
17.347   
17.337   
17.347   
17.339   
17.358   
17.367   
17.369   
17.352   
17.344   
17.366   
17.353   
17.358   
17.377   
17.361   
17.372   
17.391   
17.405   
17.397   
17.397   
17.442   
17.419   
17.450   
17.469   
17.554   
17.659   
17.457   
17.468   
17.445   
17.463   
17.449   
17.457   
17.462   
17.494   
17.488   
17.499   
17.523   
17.510   
17.568   
17.559   
17.588   
17.568   
17.585   
17.591   
17.601   
17.611   
17.611   
