15.214   
15.195   
15.192   
15.193   
15.198   
15.187   
15.193   
15.194   
15.185   
15.187   
15.193   
15.189   
15.178   
15.184   
15.181   
15.186   
15.207   
15.189   
15.251   
15.266   
15.208   
15.192   
15.197   
15.248   
15.256   
15.229   
15.243   
15.230   
15.222   
15.223   
15.256   
15.224   
15.237   
15.216   
15.220   
15.240   
15.224   
15.238   
15.241   
15.225   
15.233   
15.239   
15.244   
15.229   
15.217   
15.233   
15.226   
15.225   
15.259   
15.242   
15.238   
15.237   
15.244   
15.240   
15.252   
15.254   
15.264   
15.260   
15.265   
15.283   
15.269   
15.287   
15.332   
15.307   
15.344   
15.351   
15.440   
15.543   
15.337   
15.349   
15.339   
15.346   
15.342   
15.352   
15.352   
15.360   
15.370   
15.376   
15.388   
15.401   
15.452   
15.447   
15.475   
15.468   
15.481   
15.484   
15.487   
15.495   
15.495   
