15.290   
15.270   
15.267   
15.265   
15.270   
15.265   
15.264   
15.271   
15.256   
15.261   
15.267   
15.261   
15.248   
15.258   
15.256   
15.260   
15.282   
15.266   
15.330   
15.346   
15.275   
15.262   
15.276   
15.321   
15.321   
15.300   
15.315   
15.303   
15.291   
15.298   
15.324   
15.300   
15.306   
15.290   
15.288   
15.306   
15.298   
15.306   
15.313   
15.292   
15.310   
15.307   
15.311   
15.294   
15.286   
15.299   
15.297   
15.306   
15.332   
15.313   
15.310   
15.311   
15.311   
15.313   
15.323   
15.327   
15.331   
15.335   
15.350   
15.352   
15.343   
15.357   
15.405   
15.375   
15.407   
15.425   
15.505   
15.606   
15.404   
15.414   
15.413   
15.411   
15.411   
15.420   
15.419   
15.431   
15.443   
15.441   
15.457   
15.468   
15.508   
15.506   
15.532   
15.532   
15.542   
15.542   
15.547   
15.549   
15.549   
