13.484   
13.465   
13.461   
13.463   
13.466   
13.460   
13.460   
13.466   
13.454   
13.454   
13.460   
13.455   
13.450   
13.452   
13.450   
13.457   
13.482   
13.466   
13.532   
13.549   
13.489   
13.468   
13.479   
13.533   
13.536   
13.516   
13.525   
13.513   
13.508   
13.511   
13.538   
13.511   
13.521   
13.502   
13.502   
13.522   
13.512   
13.520   
13.524   
13.510   
13.524   
13.526   
13.526   
13.513   
13.504   
13.512   
13.510   
13.513   
13.544   
13.526   
13.525   
13.521   
13.525   
13.527   
13.533   
13.539   
13.542   
13.541   
13.550   
13.559   
13.549   
13.561   
13.606   
13.577   
13.614   
13.624   
13.709   
13.815   
13.607   
13.614   
13.612   
13.613   
13.611   
13.620   
13.624   
13.631   
13.640   
13.646   
13.661   
13.670   
13.721   
13.716   
13.743   
13.738   
13.750   
13.754   
13.755   
13.758   
13.758   
