14.870   
14.859   
14.851   
14.852   
14.858   
14.850   
14.850   
14.856   
14.845   
14.846   
14.847   
14.847   
14.836   
14.842   
14.834   
14.846   
14.867   
14.847   
14.917   
14.930   
14.867   
14.848   
14.859   
14.909   
14.911   
14.890   
14.897   
14.888   
14.879   
14.880   
14.910   
14.880   
14.892   
14.873   
14.873   
14.896   
14.882   
14.888   
14.896   
14.880   
14.895   
14.892   
14.899   
14.883   
14.873   
14.886   
14.882   
14.883   
14.914   
14.898   
14.898   
14.897   
14.902   
14.900   
14.908   
14.915   
14.913   
14.917   
14.928   
14.939   
14.926   
14.943   
14.990   
14.963   
14.998   
15.016   
15.098   
15.198   
14.993   
15.000   
14.995   
14.999   
14.999   
15.002   
15.008   
15.016   
15.026   
15.035   
15.043   
15.053   
15.107   
15.101   
15.122   
15.119   
15.129   
15.140   
15.137   
15.146   
15.146   
