17.097   
17.079   
17.056   
17.070   
17.071   
17.069   
17.073   
17.076   
17.062   
17.079   
17.068   
17.070   
17.060   
17.060   
17.069   
17.068   
17.092   
17.090   
17.128   
17.151   
17.088   
17.072   
17.081   
17.127   
17.130   
17.109   
17.105   
17.114   
17.103   
17.103   
17.137   
17.119   
17.124   
17.094   
17.108   
17.112   
17.103   
17.118   
17.123   
17.105   
17.128   
17.117   
17.115   
17.105   
17.110   
17.116   
17.103   
17.103   
17.138   
17.127   
17.119   
17.120   
17.129   
17.129   
17.137   
17.142   
17.148   
17.144   
17.154   
17.180   
17.147   
17.172   
17.219   
17.185   
17.229   
17.241   
17.323   
17.433   
17.213   
17.219   
17.212   
17.227   
17.232   
17.234   
17.245   
17.241   
17.250   
17.271   
17.280   
17.275   
17.335   
17.338   
17.371   
17.355   
17.350   
17.375   
17.364   
17.379   
17.379   
