14.603   
14.590   
14.581   
14.582   
14.585   
14.580   
14.577   
14.591   
14.575   
14.575   
14.579   
14.575   
14.574   
14.571   
14.571   
14.574   
14.603   
14.580   
14.646   
14.657   
14.599   
14.578   
14.587   
14.639   
14.643   
14.619   
14.630   
14.617   
14.609   
14.612   
14.642   
14.615   
14.623   
14.604   
14.608   
14.627   
14.612   
14.623   
14.624   
14.610   
14.623   
14.626   
14.625   
14.614   
14.607   
14.615   
14.610   
14.612   
14.646   
14.627   
14.625   
14.624   
14.625   
14.628   
14.636   
14.644   
14.644   
14.648   
14.654   
14.667   
14.657   
14.669   
14.719   
14.693   
14.727   
14.738   
14.822   
14.936   
14.719   
14.726   
14.724   
14.726   
14.725   
14.734   
14.735   
14.747   
14.750   
14.762   
14.774   
14.780   
14.833   
14.822   
14.851   
14.845   
14.864   
14.866   
14.862   
14.873   
14.873   
